Single-Difference Ambiguity Constraint  ac12                COMMENT
    SD                                                      TYPE OF CONSTRAINT
     7     7     7                                          G   AMB FIXING (T/W/N)
     7     7     7    LAMBDA                                IND AMB FIXING (T/W/N)
           7     15.7648     12.3824      0.0010            NCAD DISMIN RATIO PENAL
      1.6341      0.9361      0.0320      8.0000            ADOP WRATIO PRATIO NOBS
    SUCESS                                                  AR RESULT
                                                            END OF HEADER
 G06 G20 2021  7 29  6  0  0.000000 2021  7 29  7  0  0.000000       2388208       200566
 G02 G20 2021  7 29  6  0  0.000000 2021  7 29  7  0  0.000000       -901943     -4545387
 G07 G09 2021  7 29  6  0  0.000000 2021  7 29  7  0  0.000000        220158      4203703
 G06 G30 2021  7 29  6  0  0.000000 2021  7 29  7  0  0.000000       2436115      2496336
 G07 G30 2021  7 29  6  0  0.000000 2021  7 29  7  0  0.000000       1219314      5214124
 G04 G09 2021  7 29  6  0  0.000000 2021  7 29  7  0  0.000000       -760926      -193311
 G04 G16 2021  7 29  6  0  0.000000 2021  7 29  7  0  0.000000       1127704      -979413
