Single-Difference Ambiguity Constraint  ccj2                COMMENT
    SD                                                      TYPE OF CONSTRAINT
     9     9     7                                          G   AMB FIXING (T/W/N)
     6     6     6                                          E   AMB FIXING (T/W/N)
    15    15    13    LAMBDA                                IND AMB FIXING (T/W/N)
          13      8.1834      2.7126      0.0220            NCAD DISMIN RATIO PENAL
      1.9059      0.8602      0.0699     16.9417            ADOP WRATIO PRATIO NOBS
    SUCESS                                                  AR RESULT
                                                            END OF HEADER
 G03 G30 2021  7 29  0  0  0.000000 2021  7 29  0 32  0.000000           -59           14
 G22 G30 2021  7 29  0 32 30.000000 2021  7 29  0 53 30.000000           -34          -42
 G03 G14 2021  7 29  0  0  0.000000 2021  7 29  0 59 30.000000           -97           18
 E01 E33 2021  7 29  0  0  0.000000 2021  7 29  0 59 30.000000           -14           38
 G08 G21 2021  7 29  0  0  0.000000 2021  7 29  0 59 30.000000           -44           10
 E01 E31 2021  7 29  0  0  0.000000 2021  7 29  0 59 30.000000            -3           14
 G01 G21 2021  7 29  0  0  0.000000 2021  7 29  0 59 30.000000            -7           55
 E26 E33 2021  7 29  0  0  0.000000 2021  7 29  0 59 30.000000           -10           15
 E31 E19 2021  7 29  0 14 30.000000 2021  7 29  0 59 30.000000            93           97
 G01 G22 2021  7 29  0  0  0.000000 2021  7 29  0 59 30.000000            17           16
 E12 E24 2021  7 29  0 33  0.000000 2021  7 29  0 59 30.000000            -4            4
 E12 E19 2021  7 29  0 14 30.000000 2021  7 29  0 59 30.000000            92           89
 G03 G22 2021  7 29  0  0  0.000000 2021  7 29  0 59 30.000000           -25           56
