ccj2                                                        STATION
Kinematic   10.000000 10.000000 10.000000                   POS MODE/PRIORI (meter)
YES                                                         OBS STRICT EDITING
2021  7 29  0  0  0.00                                      OBS FIRST EPOCH
2021  7 29  0 59 30.00                                      OBS LAST EPOCH
   30.00                                                    OBS INTERVAL (sec)
    7.00                                                    OBS MASK ANGLE (deg)
    0.30                                                    MEASUREMENT NOISE PSEUDORANGE (1-SIGMA, meter)
    0.01                                                    MEASUREMENT NOISE CARRIER PHASE (1-SIGMA, cycle)
WUM0MGXRAP_20212100000_01D_05M_ORB.SP3                      SAT ORBIT
WUM0MGXRAP_20212100000_01D_30S_CLK.CLK                      SAT CLOCK
WUM0MGXRAP_20212100000_01D_30S_ATT.OBX                      SAT ATTITUDE
WUM0MGXRAP_20212100000_01D_01D_OSB.BIA                      SAT BIAS
WUM0MGXRAP_20212100000_01D_01D_ERP.ERP                      EARTH ROTATION PARAMETERS
TRIMBLE NETR9                                               SITE RECEIVER TYPE
TRM59800.00     SCIS                                        SITE ANTENNA TYPE
        0.0000        0.0000        0.0000                  SITE ANTENNA E/N/H (meter)
G  L1   1       0.19      0.66     86.54                    SITE ANTENNA PCO E/N/H (millimeter)
G  L2   2      -0.15      0.14    115.88                    SITE ANTENNA PCO E/N/H (millimeter)
R  G1   1       0.19      0.66     86.54                    SITE ANTENNA PCO E/N/H (millimeter)
R  G2   2      -0.15      0.14    115.88                    SITE ANTENNA PCO E/N/H (millimeter)
E  E1   1       0.19      0.66     86.54                    SITE ANTENNA PCO E/N/H (millimeter)
E  E5a  5      -0.15      0.14    115.88                    SITE ANTENNA PCO E/N/H (millimeter)
C  B1I  2       0.19      0.66     86.54                    SITE ANTENNA PCO E/N/H (millimeter)
C  B3I  6      -0.15      0.14    115.88                    SITE ANTENNA PCO E/N/H (millimeter)
J  L1   1       0.19      0.66     86.54                    SITE ANTENNA PCO E/N/H (millimeter)
J  L2   2      -0.15      0.14    115.88                    SITE ANTENNA PCO E/N/H (millimeter)
IGS14_2247                                                  TABLE ANTEX
WNO                                                         RECEIVER CLOCK
PWC:60                                                      TROP ZENITH
NON                                                         TROP GRADIENT
NO                                                          IONO 2ND
SOLID  POLE OCEAN(Scherneck)                                TIDES
NON                                                         MULTIPATH MODEL
YES  GPS     7  GAL     6  BDS2    0  BDS3    0  QZSS    0  AMB FIXING
  600.00                                                    AMB DURATION (sec)
   15.00                                                    AMB CUTOFF (deg)
    0.20    0.15 1000.00                                    AMB WIDELANE
    0.15    0.15 1000.00                                    AMB NARROWLANE
    3       4       1.80    3.00                            AMB SEARCH
DEFAULT                                                     AMB AT DAY-BOUNDARY
Start Field Description                                     COMMENT
Mjd                                                         MODIFIED JULIAN DAY
Sod                                                         SECOND OF DAY
X                                                           X COORDINATE (meter)
Y                                                           Y COORDINATE (meter)
Z                                                           Z COORDINATE (meter)
Latitude                                                    LATITUDE OF WGS-84 ELLIPSOID (deg)
Longitude                                                   LONGITUDE OF WGS-84 ELLIPSOID (deg)
Height                                                      HEIGHT OF WGS-84 ELLIPSOID (meter)
Nsat/GREC2C3J                                               AVERAGE NUMBER OF AVAIABLE SATELLITES (ALL/GPS/GLONASS/Galileo/BDS-2/BDS-3/QZSS)
PDOP                                                        POSITION DILUTION OF PRECISION
End Field Description                                       COMMENT
                                                            END OF HEADER
* Mjd       Sod               X             Y             Z         Latitude        Longitude        Height            Nsat/GREC2C3J   PDOP
59424      0.00   -4490605.1363  3483895.0897  2884928.3422   27.06753283373  142.19502398657      104.2673     16 08 03 05 00 00 00   1.48
59424     30.00   -4490605.1383  3483895.0917  2884928.3422   27.06753282177  142.19502398264      104.2698     17 09 03 05 00 00 00   1.36
59424     60.00   -4490605.1353  3483895.0920  2884928.3485   27.06753288161  142.19502396263      104.2708     17 09 03 05 00 00 00   1.36
59424     90.00   -4490605.1339  3483895.0887  2884928.3462   27.06753287625  142.19502397986      104.2670     17 09 03 05 00 00 00   1.36
59424    120.00   -4490605.1493  3483895.0991  2884928.3511   27.06753283927  142.19502399192      104.2856     17 09 03 05 00 00 00   1.35
59424    150.00   -4490605.1438  3483895.0942  2884928.3487   27.06753285015  142.19502399692      104.2780     17 09 03 05 00 00 00   1.35
59424    180.00   -4490605.1351  3483895.0950  2884928.3466   27.06753285938  142.19502393679      104.2714     17 09 03 05 00 00 00   1.35
59424    210.00   -4490605.1426  3483895.0990  2884928.3432   27.06753279748  142.19502395194      104.2773     17 09 03 05 00 00 00   1.35
59424    240.00   -4490605.1470  3483895.1061  2884928.3525   27.06753284038  142.19502392233      104.2884     17 09 03 05 00 00 00   1.35
59424    270.00   -4490605.1546  3483895.1120  2884928.3553   27.06753282377  142.19502392190      104.2983     17 09 03 05 00 00 00   1.34
59424    300.00   -4490605.1488  3483895.1065  2884928.3521   27.06753283051  142.19502392984      104.2898     17 09 03 05 00 00 00   1.34
59424    330.00   -4490605.1362  3483895.1018  2884928.3448   27.06753282382  142.19502388980      104.2751     17 09 03 05 00 00 00   1.34
59424    360.00   -4490605.1392  3483895.0979  2884928.3464   27.06753283742  142.19502393886      104.2758     17 09 03 05 00 00 00   1.34
59424    390.00   -4490605.1537  3483895.1094  2884928.3524   27.06753280954  142.19502393716      104.2949     17 09 03 05 00 00 00   1.34
59424    420.00   -4490605.1387  3483895.0971  2884928.3567   27.06753292365  142.19502394268      104.2797     17 09 03 05 00 00 00   1.34
59424    450.00   -4490605.1362  3483895.0986  2884928.3530   27.06753289847  142.19502391481      104.2771     17 09 03 05 00 00 00   1.33
59424    480.00   -4490605.1202  3483895.0836  2884928.3473   27.06753294233  142.19502393532      104.2550     17 09 03 05 00 00 00   1.33
59424    510.00   -4490605.1299  3483895.0910  2884928.3541   27.06753294711  142.19502393712      104.2690     17 09 03 05 00 00 00   1.33
59424    540.00   -4490605.1309  3483895.0917  2884928.3502   27.06753291071  142.19502393727      104.2682     17 09 03 05 00 00 00   1.33
59424    570.00   -4490605.1310  3483895.0904  2884928.3573   27.06753297046  142.19502394821      104.2709     18 10 03 05 00 00 00   1.24
59424    600.00   -4490605.1332  3483895.0914  2884928.3577   27.06753296390  142.19502395357      104.2731     18 10 03 05 00 00 00   1.24
59424    630.00   -4490605.1253  3483895.0850  2884928.3551   27.06753298464  142.19502395597      104.2630     18 10 03 05 00 00 00   1.24
59424    660.00   -4490605.1190  3483895.0779  2884928.3475   27.06753296199  142.19502397385      104.2511     18 10 03 05 00 00 00   1.24
59424    690.00   -4490605.1224  3483895.0798  2884928.3493   27.06753296083  142.19502397933      104.2554     18 10 03 05 00 00 00   1.24
59424    720.00   -4490605.1171  3483895.0765  2884928.3493   27.06753298607  142.19502397287      104.2498     18 10 03 05 00 00 00   1.24
59424    750.00   -4490605.1196  3483895.0793  2884928.3472   27.06753295405  142.19502396618      104.2522     18 10 03 05 00 00 00   1.24
59424    780.00   -4490605.1188  3483895.0860  2884928.3471   27.06753293929  142.19502390762      104.2552     18 10 03 05 00 00 00   1.23
59424    810.00   -4490605.1035  3483895.0724  2884928.3448   27.06753300473  142.19502392149      104.2360     18 10 03 05 00 00 00   1.23
59424    840.00   -4490605.1140  3483895.0839  2884928.3474   27.06753296194  142.19502389509      104.2509     18 10 03 05 00 00 00   1.23
59424    870.00   -4490605.1075  3483895.0737  2884928.3388   27.06753293985  142.19502393620      104.2367     19 10 03 06 00 00 00   1.16
59424    900.00   -4490605.1246  3483895.0869  2884928.3486   27.06753293030  142.19502393631      104.2605     19 10 03 06 00 00 00   1.16
59424    930.00   -4490605.1226  3483895.0880  2884928.3465   27.06753291663  142.19502391569      104.2587     19 10 03 06 00 00 00   1.16
59424    960.00   -4490605.1220  3483895.0877  2884928.3474   27.06753292680  142.19502391446      104.2586     19 10 03 06 00 00 00   1.16
59424    990.00   -4490605.1265  3483895.0914  2884928.3508   27.06753293014  142.19502391251      104.2652     19 10 03 06 00 00 00   1.16
59424   1020.00   -4490605.1312  3483895.0925  2884928.3525   27.06753292540  142.19502393259      104.2700     19 10 03 06 00 00 00   1.16
59424   1050.00   -4490605.1140  3483895.0903  2884928.3459   27.06753293441  142.19502384432      104.2537     19 10 03 06 00 00 00   1.16
59424   1080.00   -4490605.1165  3483895.0841  2884928.3501   27.06753297556  142.19502390890      104.2539     19 10 03 06 00 00 00   1.16
59424   1110.00   -4490605.1206  3483895.0886  2884928.3540   27.06753298186  142.19502389841      104.2611     19 10 03 06 00 00 00   1.16
59424   1140.00   -4490605.1165  3483895.0802  2884928.3480   27.06753296812  142.19502393947      104.2508     19 10 03 06 00 00 00   1.16
59424   1170.00   -4490605.1024  3483895.0672  2884928.3380   27.06753296643  142.19502395601      104.2293     18 09 03 06 00 00 00   1.23
59424   1200.00   -4490605.1243  3483895.0755  2884928.3438   27.06753292113  142.19502402560      104.2518     18 09 03 06 00 00 00   1.23
59424   1230.00   -4490605.1132  3483895.0708  2884928.3461   27.06753298752  142.19502399411      104.2425     18 09 03 06 00 00 00   1.23
59424   1260.00   -4490605.1146  3483895.0725  2884928.3459   27.06753297712  142.19502398933      104.2443     18 09 03 06 00 00 00   1.23
59424   1290.00   -4490605.1080  3483895.0682  2884928.3468   27.06753301652  142.19502398288      104.2377     18 09 03 06 00 00 00   1.23
59424   1320.00   -4490605.1256  3483895.0696  2884928.3568   27.06753303629  142.19502408064      104.2555     18 09 03 06 00 00 00   1.23
59424   1350.00   -4490605.1363  3483895.0724  2884928.3591   27.06753301309  142.19502412446      104.2656     17 08 03 06 00 00 00   1.30
59424   1380.00   -4490605.1248  3483895.0717  2884928.3541   27.06753301142  142.19502405895      104.2548     17 08 03 06 00 00 00   1.30
59424   1410.00   -4490605.1235  3483895.0723  2884928.3549   27.06753302062  142.19502404652      104.2546     17 08 03 06 00 00 00   1.30
59424   1440.00   -4490605.1267  3483895.0806  2884928.3530   27.06753297461  142.19502399993      104.2605     17 08 03 06 00 00 00   1.30
59424   1470.00   -4490605.1250  3483895.0720  2884928.3502   27.06753297911  142.19502405738      104.2534     17 08 03 06 00 00 00   1.30
59424   1500.00   -4490605.1362  3483895.0741  2884928.3511   27.06753294462  142.19502410985      104.2628     17 08 03 06 00 00 00   1.30
59424   1530.00   -4490605.1277  3483895.0708  2884928.3523   27.06753299022  142.19502408399      104.2555     17 08 03 06 00 00 00   1.30
59424   1560.00   -4490605.1270  3483895.0706  2884928.3530   27.06753299867  142.19502408141      104.2553     17 08 03 06 00 00 00   1.30
59424   1590.00   -4490605.1429  3483895.0848  2884928.3597   27.06753296531  142.19502406581      104.2773     17 08 03 06 00 00 00   1.30
59424   1620.00   -4490605.1186  3483895.0654  2884928.3493   27.06753300943  142.19502407094      104.2449     17 08 03 06 00 00 00   1.30
59424   1650.00   -4490605.1241  3483895.0772  2884928.3544   27.06753300231  142.19502401116      104.2575     17 08 03 06 00 00 00   1.30
59424   1680.00   -4490605.1359  3483895.0880  2884928.3624   27.06753300114  142.19502399771      104.2753     18 09 03 06 00 00 00   1.23
59424   1710.00   -4490605.1398  3483895.0791  2884928.3635   27.06753302030  142.19502409301      104.2737     18 09 03 06 00 00 00   1.23
59424   1740.00   -4490605.1573  3483895.0975  2884928.3736   27.06753299835  142.19502405478      104.3007     18 09 03 06 00 00 00   1.23
59424   1770.00   -4490605.1558  3483895.0951  2884928.3658   27.06753294613  142.19502406411      104.2947     18 09 03 06 00 00 00   1.23
59424   1800.00   -4490605.1465  3483895.0879  2884928.3663   27.06753299872  142.19502406410      104.2845     18 09 03 06 00 00 00   1.23
59424   1830.00   -4490605.1478  3483895.0857  2884928.3708   27.06753303633  142.19502408962      104.2862     18 09 03 06 00 00 00   1.23
59424   1860.00   -4490605.1268  3483895.0768  2884928.3659   27.06753308701  142.19502403053      104.2644     18 09 03 06 00 00 00   1.23
59424   1890.00   -4490605.1302  3483895.0759  2884928.3610   27.06753303928  142.19502405857      104.2641     18 09 03 06 00 00 00   1.23
59424   1920.00   -4490605.1296  3483895.0737  2884928.3605   27.06753304240  142.19502407305      104.2622     19 09 04 06 00 00 00   1.18
59424   1950.00   -4490605.1208  3483895.0734  2884928.3491   27.06753298066  142.19502402042      104.2507     19 09 04 06 00 00 00   1.18
59424   1980.00   -4490605.1394  3483895.0778  2884928.3442   27.06753286984  142.19502410063      104.2639     20 09 04 07 00 00 00   1.15
59424   2010.00   -4490605.1387  3483895.0782  2884928.3499   27.06753291674  142.19502409267      104.2662     20 09 04 07 00 00 00   1.15
59424   2040.00   -4490605.1250  3483895.0661  2884928.3399   27.06753291085  142.19502410467      104.2454     20 09 04 07 00 00 00   1.15
59424   2070.00   -4490605.1303  3483895.0669  2884928.3431   27.06753291755  142.19502413171      104.2511     20 09 04 07 00 00 00   1.15
59424   2100.00   -4490605.1328  3483895.0689  2884928.3442   27.06753291305  142.19502413084      104.2545     20 09 04 07 00 00 00   1.15
59424   2130.00   -4490605.1123  3483895.0544  2884928.3318   27.06753291654  142.19502411889      104.2264     20 09 04 07 00 00 00   1.15
59424   2160.00   -4490605.1237  3483895.0656  2884928.3337   27.06753286680  142.19502410128      104.2415     20 09 04 07 00 00 00   1.15
59424   2190.00   -4490605.1231  3483895.0633  2884928.3190   27.06753275639  142.19502411496      104.2331     20 09 04 07 00 00 00   1.15
59424   2220.00   -4490605.1481  3483895.0831  2884928.3181   27.06753261822  142.19502411172      104.2610     20 09 04 07 00 00 00   1.15
59424   2250.00   -4490605.1739  3483895.1005  2884928.3349   27.06753262588  142.19502413303      104.2963     20 09 04 07 00 00 00   1.16
59424   2280.00   -4490605.1876  3483895.1094  2884928.3411   27.06753260850  142.19502414724      104.3137     20 09 04 07 00 00 00   1.16
59424   2310.00   -4490605.1757  3483895.0957  2884928.3359   27.06753263972  142.19502418277      104.2955     20 09 04 07 00 00 00   1.16
59424   2340.00   -4490605.1621  3483895.0931  2884928.3240   27.06753259484  142.19502411861      104.2791     20 09 04 07 00 00 00   1.16
59424   2370.00   -4490605.1635  3483895.0976  2884928.3240   27.06753257915  142.19502409177      104.2825     20 09 04 07 00 00 00   1.16
59424   2400.00   -4490605.1571  3483895.1056  2884928.3234   27.06753257470  142.19502398801      104.2821     20 09 04 07 00 00 00   1.16
59424   2430.00   -4490605.1637  3483895.1093  2884928.3204   27.06753252001  142.19502399947      104.2874     21 09 05 07 00 00 00   1.12
59424   2460.00   -4490605.1696  3483895.1195  2884928.3302   27.06753255404  142.19502395456      104.3016     21 09 05 07 00 00 00   1.12
59424   2490.00   -4490605.1620  3483895.1169  2884928.3287   27.06753257296  142.19502392888      104.2941     21 09 05 07 00 00 00   1.12
59424   2520.00   -4490605.1598  3483895.1143  2884928.3283   27.06753258383  142.19502393579      104.2910     21 09 05 07 00 00 00   1.12
59424   2550.00   -4490605.1593  3483895.1062  2884928.3372   27.06753267746  142.19502399747      104.2903     21 09 05 07 00 00 00   1.12
59424   2580.00   -4490605.1520  3483895.0985  2884928.3425   27.06753276289  142.19502401335      104.2833     21 09 05 07 00 00 00   1.12
59424   2610.00   -4490605.1506  3483895.0964  2884928.3401   27.06753275376  142.19502402192      104.2801     21 09 05 07 00 00 00   1.12
59424   2640.00   -4490605.1427  3483895.0827  2884928.3381   27.06753279731  142.19502408220      104.2661     21 09 05 07 00 00 00   1.13
59424   2670.00   -4490605.1410  3483895.0862  2884928.3403   27.06753281209  142.19502404369      104.2679     21 09 05 07 00 00 00   1.13
59424   2700.00   -4490605.1491  3483895.0872  2884928.3419   27.06753279534  142.19502408534      104.2749     21 09 05 07 00 00 00   1.13
59424   2730.00   -4490605.1443  3483895.0788  2884928.3345   27.06753277290  142.19502412342      104.2635     20 09 04 07 00 00 00   1.18
59424   2760.00   -4490605.1458  3483895.0757  2884928.3360   27.06753278799  142.19502415641      104.2635     20 09 04 07 00 00 00   1.18
59424   2790.00   -4490605.1488  3483895.0762  2884928.3399   27.06753280801  142.19502417133      104.2677     20 09 04 07 00 00 00   1.18
59424   2820.00   -4490605.1280  3483895.0778  2884928.3438   27.06753290319  142.19502402978      104.2557     20 09 04 07 00 00 00   1.18
59424   2850.00   -4490605.1143  3483895.0695  2884928.3313   27.06753286834  142.19502401130      104.2359     20 09 04 07 00 00 00   1.18
59424   2880.00   -4490605.1234  3483895.0665  2884928.3292   27.06753282964  142.19502409175      104.2397     19 08 04 07 00 00 00   1.23
59424   2910.00   -4490605.1171  3483895.0544  2884928.3224   27.06753282584  142.19502414941      104.2256     20 09 04 07 00 00 00   1.18
59424   2940.00   -4490605.1224  3483895.0599  2884928.3218   27.06753278956  142.19502413754      104.2320     20 09 04 07 00 00 00   1.18
59424   2970.00   -4490605.1373  3483895.0684  2884928.3287   27.06753277490  142.19502416231      104.2503     20 09 04 07 00 00 00   1.18
59424   3000.00   -4490605.1258  3483895.0695  2884928.3253   27.06753278259  142.19502408265      104.2413     19 08 04 07 00 00 00   1.23
59424   3030.00   -4490605.1197  3483895.0664  2884928.3314   27.06753285955  142.19502406957      104.2380     20 09 04 07 00 00 00   1.18
59424   3060.00   -4490605.1065  3483895.0569  2884928.3271   27.06753289133  142.19502406412      104.2216     20 09 04 07 00 00 00   1.18
59424   3090.00   -4490605.1007  3483895.0494  2884928.3326   27.06753297353  142.19502408736      104.2159     20 09 04 07 00 00 00   1.18
59424   3120.00   -4490605.0891  3483895.0484  2884928.3304   27.06753299553  142.19502402348      104.2062     20 09 04 07 00 00 00   1.18
59424   3150.00   -4490605.0870  3483895.0555  2884928.3272   27.06753295885  142.19502395374      104.2071     20 09 04 07 00 00 00   1.18
59424   3180.00   -4490605.1050  3483895.0634  2884928.3374   27.06753296321  142.19502400274      104.2287     20 09 04 07 00 00 00   1.18
59424   3210.00   -4490605.0973  3483895.0605  2884928.3347   27.06753297326  142.19502397802      104.2205     20 09 04 07 00 00 00   1.18
59424   3240.00   -4490605.0758  3483895.0655  2884928.3249   27.06753295217  142.19502380502      104.2037     19 08 04 07 00 00 00   1.23
59424   3270.00   -4490605.0943  3483895.0659  2884928.3335   27.06753295984  142.19502391664      104.2209     18 07 04 07 00 00 00   1.33
59424   3300.00   -4490605.0605  3483895.0545  2884928.3208   27.06753299590  142.19502379834      104.1850     18 07 04 07 00 00 00   1.33
59424   3330.00   -4490605.0797  3483895.0557  2884928.3367   27.06753305866  142.19502390791      104.2064     18 07 04 07 00 00 00   1.34
59424   3360.00   -4490605.0750  3483895.0493  2884928.3351   27.06753307708  142.19502392987      104.1989     18 07 04 07 00 00 00   1.34
59424   3390.00   -4490605.0870  3483895.0561  2884928.3329   27.06753300358  142.19502394959      104.2101     18 07 04 07 00 00 00   1.34
59424   3420.00   -4490605.0818  3483895.0687  2884928.3299   27.06753296469  142.19502381699      104.2120     18 07 04 07 00 00 00   1.34
59424   3450.00   -4490605.0745  3483895.0598  2884928.3297   27.06753300877  142.19502384274      104.2018     18 07 04 07 00 00 00   1.35
59424   3480.00   -4490605.0890  3483895.0681  2884928.3391   27.06753301619  142.19502386692      104.2209     18 07 04 07 00 00 00   1.35
59424   3510.00   -4490605.0857  3483895.0728  2884928.3341   27.06753297504  142.19502380879      104.2189     18 07 04 07 00 00 00   1.35
59424   3540.00   -4490605.0883  3483895.0693  2884928.3339   27.06753297408  142.19502385275      104.2187     18 07 04 07 00 00 00   1.36
59424   3570.00   -4490605.0844  3483895.0601  2884928.3336   27.06753300715  142.19502390176      104.2107     18 07 04 07 00 00 00   1.36
