ccj2                                                        STATION
Kinematic   10.000000 10.000000 10.000000                   POS MODE/PRIORI (meter)
YES                                                         OBS STRICT EDITING
2021  7 29  0  0  0.00                                      OBS FIRST EPOCH
2021  7 29  0 59 30.00                                      OBS LAST EPOCH
   30.00                                                    OBS INTERVAL (sec)
    7.00                                                    OBS MASK ANGLE (deg)
    0.30                                                    MEASUREMENT NOISE PSEUDORANGE (1-SIGMA, meter)
    0.01                                                    MEASUREMENT NOISE CARRIER PHASE (1-SIGMA, cycle)
WUM0MGXRAP_20212100000_01D_05M_ORB.SP3                      SAT ORBIT
WUM0MGXRAP_20212100000_01D_30S_CLK.CLK                      SAT CLOCK
WUM0MGXRAP_20212100000_01D_30S_ATT.OBX                      SAT ATTITUDE
WUM0MGXRAP_20212100000_01D_01D_OSB.BIA                      SAT BIAS
WUM0MGXRAP_20212100000_01D_01D_ERP.ERP                      EARTH ROTATION PARAMETERS
TRIMBLE NETR9                                               SITE RECEIVER TYPE
TRM59800.00     SCIS                                        SITE ANTENNA TYPE
        0.0000        0.0000        0.0000                  SITE ANTENNA E/N/H (meter)
G  L1   1       0.19      0.66     86.54                    SITE ANTENNA PCO E/N/H (millimeter)
G  L2   2      -0.15      0.14    115.88                    SITE ANTENNA PCO E/N/H (millimeter)
R  G1   1       0.19      0.66     86.54                    SITE ANTENNA PCO E/N/H (millimeter)
R  G2   2      -0.15      0.14    115.88                    SITE ANTENNA PCO E/N/H (millimeter)
E  E1   1       0.19      0.66     86.54                    SITE ANTENNA PCO E/N/H (millimeter)
E  E5a  5      -0.15      0.14    115.88                    SITE ANTENNA PCO E/N/H (millimeter)
C  B1I  2       0.19      0.66     86.54                    SITE ANTENNA PCO E/N/H (millimeter)
C  B3I  6      -0.15      0.14    115.88                    SITE ANTENNA PCO E/N/H (millimeter)
J  L1   1       0.19      0.66     86.54                    SITE ANTENNA PCO E/N/H (millimeter)
J  L2   2      -0.15      0.14    115.88                    SITE ANTENNA PCO E/N/H (millimeter)
IGS14_2247                                                  TABLE ANTEX
WNO                                                         RECEIVER CLOCK
PWC:60                                                      TROP ZENITH
NON                                                         TROP GRADIENT
NO                                                          IONO 2ND
SOLID  POLE OCEAN(Scherneck)                                TIDES
NON                                                         MULTIPATH MODEL
YES  GPS     7  GAL     6  BDS2    0  BDS3    0  QZSS    0  AMB FIXING
  600.00                                                    AMB DURATION (sec)
   15.00                                                    AMB CUTOFF (deg)
    0.20    0.15 1000.00                                    AMB WIDELANE
    0.15    0.15 1000.00                                    AMB NARROWLANE
    3       4       1.80    3.00                            AMB SEARCH
DEFAULT                                                     AMB AT DAY-BOUNDARY
Start Field Description                                     COMMENT
Year                                                        YEAR (GPS TIME)
Mon                                                         MONTH (GPS TIME)
Day                                                         DAY (GPS TIME)
Hour                                                        HOUR (GPS TIME)
Min                                                         MINUTE (GPS TIME)
Sec                                                         SECOND (GPS TIME)
RCK(GPS)                                                    GPS RECEIVER CLOCK ERROR (meter)
RCK(GLONASS)                                                GLONASS RECEIVER CLOCK ERROR (meter)
RCK(Galileo)                                                Galileo RECEIVER CLOCK ERROR (meter)
RCK(BDS-2)                                                  BDS-2 RECEIVER CLOCK ERROR (meter)
RCK(BDS-3)                                                  BDS-3 RECEIVER CLOCK ERROR (meter)
RCK(QZSS)                                                   QZSS RECEIVER CLOCK ERROR (meter)
End Field Description                                       COMMENT
                                                            END OF HEADER
* Year   Mon   Day  Hour   Min       Sec         RCK(GPS)     RCK(GLONASS)     RCK(Galileo)       RCK(BDS-2)       RCK(BDS-3)        RCK(QZSS)
  2021     7    29     0     0  0.000000        -7.375459        -0.463269        -6.740737         0.000000         0.000000         0.000000
  2021     7    29     0     0 30.000000        -7.304678        -0.380760        -6.668029         0.000000         0.000000         0.000000
  2021     7    29     0     1  0.000000        -7.458491        -0.544261        -6.826143         0.000000         0.000000         0.000000
  2021     7    29     0     1 30.000000        -7.383320        -0.459658        -6.747729         0.000000         0.000000         0.000000
  2021     7    29     0     2  0.000000        -7.376426        -0.459168        -6.738210         0.000000         0.000000         0.000000
  2021     7    29     0     2 30.000000        -7.406779        -0.490934        -6.770499         0.000000         0.000000         0.000000
  2021     7    29     0     3  0.000000        -7.410441        -0.486460        -6.776628         0.000000         0.000000         0.000000
  2021     7    29     0     3 30.000000        -7.339248        -0.422997        -6.706372         0.000000         0.000000         0.000000
  2021     7    29     0     4  0.000000        -7.319958        -0.411526        -6.684011         0.000000         0.000000         0.000000
  2021     7    29     0     4 30.000000        -7.248354        -0.332189        -6.609378         0.000000         0.000000         0.000000
  2021     7    29     0     5  0.000000        -7.287134        -0.368673        -6.649733         0.000000         0.000000         0.000000
  2021     7    29     0     5 30.000000        -7.269611        -0.368324        -6.631919         0.000000         0.000000         0.000000
  2021     7    29     0     6  0.000000        -7.324526        -0.402566        -6.688903         0.000000         0.000000         0.000000
  2021     7    29     0     6 30.000000        -7.407717        -0.509649        -6.772740         0.000000         0.000000         0.000000
  2021     7    29     0     7  0.000000        -7.439950        -0.524831        -6.805417         0.000000         0.000000         0.000000
  2021     7    29     0     7 30.000000        -7.456954        -0.541124        -6.818005         0.000000         0.000000         0.000000
  2021     7    29     0     8  0.000000        -7.453409        -0.534982        -6.816742         0.000000         0.000000         0.000000
  2021     7    29     0     8 30.000000        -7.458581        -0.539754        -6.817337         0.000000         0.000000         0.000000
  2021     7    29     0     9  0.000000        -7.454126        -0.532235        -6.813933         0.000000         0.000000         0.000000
  2021     7    29     0     9 30.000000        -7.453620        -0.529810        -6.816626         0.000000         0.000000         0.000000
  2021     7    29     0    10  0.000000        -7.321502        -0.398631        -6.678814         0.000000         0.000000         0.000000
  2021     7    29     0    10 30.000000        -7.202677        -0.282704        -6.561570         0.000000         0.000000         0.000000
  2021     7    29     0    11  0.000000        -7.166131        -0.250352        -6.527450         0.000000         0.000000         0.000000
  2021     7    29     0    11 30.000000        -7.183747        -0.276105        -6.546872         0.000000         0.000000         0.000000
  2021     7    29     0    12  0.000000        -7.139708        -0.219034        -6.496686         0.000000         0.000000         0.000000
  2021     7    29     0    12 30.000000        -7.130051        -0.203548        -6.487678         0.000000         0.000000         0.000000
  2021     7    29     0    13  0.000000        -7.171160        -0.245974        -6.525149         0.000000         0.000000         0.000000
  2021     7    29     0    13 30.000000        -7.097162        -0.164888        -6.452211         0.000000         0.000000         0.000000
  2021     7    29     0    14  0.000000        -7.042031        -0.119080        -6.398926         0.000000         0.000000         0.000000
  2021     7    29     0    14 30.000000        -7.020928        -0.089561        -6.379697         0.000000         0.000000         0.000000
  2021     7    29     0    15  0.000000        -6.961992        -0.036535        -6.322706         0.000000         0.000000         0.000000
  2021     7    29     0    15 30.000000        -6.860169         0.061465        -6.217347         0.000000         0.000000         0.000000
  2021     7    29     0    16  0.000000        -6.877532         0.046911        -6.234720         0.000000         0.000000         0.000000
  2021     7    29     0    16 30.000000        -6.934371        -0.012629        -6.292853         0.000000         0.000000         0.000000
  2021     7    29     0    17  0.000000        -6.874778         0.049115        -6.236905         0.000000         0.000000         0.000000
  2021     7    29     0    17 30.000000        -6.872301         0.057390        -6.230193         0.000000         0.000000         0.000000
  2021     7    29     0    18  0.000000        -6.948328        -0.009632        -6.303160         0.000000         0.000000         0.000000
  2021     7    29     0    18 30.000000        -7.060510        -0.133017        -6.418163         0.000000         0.000000         0.000000
  2021     7    29     0    19  0.000000        -7.061305        -0.134933        -6.420662         0.000000         0.000000         0.000000
  2021     7    29     0    19 30.000000        -7.052606        -0.121900        -6.405634         0.000000         0.000000         0.000000
  2021     7    29     0    20  0.000000        -7.022363        -0.102366        -6.384980         0.000000         0.000000         0.000000
  2021     7    29     0    20 30.000000        -6.994118        -0.063095        -6.354741         0.000000         0.000000         0.000000
  2021     7    29     0    21  0.000000        -6.997840        -0.076717        -6.355114         0.000000         0.000000         0.000000
  2021     7    29     0    21 30.000000        -7.018680        -0.087748        -6.376451         0.000000         0.000000         0.000000
  2021     7    29     0    22  0.000000        -7.036608        -0.113036        -6.403725         0.000000         0.000000         0.000000
  2021     7    29     0    22 30.000000        -7.082105        -0.160789        -6.447479         0.000000         0.000000         0.000000
  2021     7    29     0    23  0.000000        -7.081863        -0.152512        -6.446517         0.000000         0.000000         0.000000
  2021     7    29     0    23 30.000000        -6.939158        -0.026241        -6.306694         0.000000         0.000000         0.000000
  2021     7    29     0    24  0.000000        -6.825034         0.087559        -6.184953         0.000000         0.000000         0.000000
  2021     7    29     0    24 30.000000        -6.930513        -0.002285        -6.287975         0.000000         0.000000         0.000000
  2021     7    29     0    25  0.000000        -7.009112        -0.088268        -6.371624         0.000000         0.000000         0.000000
  2021     7    29     0    25 30.000000        -7.066276        -0.142557        -6.435660         0.000000         0.000000         0.000000
  2021     7    29     0    26  0.000000        -7.017036        -0.084935        -6.384223         0.000000         0.000000         0.000000
  2021     7    29     0    26 30.000000        -7.017047        -0.101310        -6.392075         0.000000         0.000000         0.000000
  2021     7    29     0    27  0.000000        -7.100486        -0.169873        -6.471875         0.000000         0.000000         0.000000
  2021     7    29     0    27 30.000000        -7.125593        -0.207037        -6.502331         0.000000         0.000000         0.000000
  2021     7    29     0    28  0.000000        -7.084014        -0.172751        -6.460406         0.000000         0.000000         0.000000
  2021     7    29     0    28 30.000000        -7.117257        -0.214353        -6.498491         0.000000         0.000000         0.000000
  2021     7    29     0    29  0.000000        -7.140620        -0.232784        -6.520691         0.000000         0.000000         0.000000
  2021     7    29     0    29 30.000000        -7.252294        -0.325746        -6.625080         0.000000         0.000000         0.000000
  2021     7    29     0    30  0.000000        -7.286963        -0.370849        -6.661697         0.000000         0.000000         0.000000
  2021     7    29     0    30 30.000000        -7.112054        -0.197694        -6.481487         0.000000         0.000000         0.000000
  2021     7    29     0    31  0.000000        -7.020260        -0.092499        -6.383004         0.000000         0.000000         0.000000
  2021     7    29     0    31 30.000000        -6.954599        -0.024971        -6.314149         0.000000         0.000000         0.000000
  2021     7    29     0    32  0.000000        -6.938807        -0.015488        -6.304581         0.000000         0.000000         0.000000
  2021     7    29     0    32 30.000000        -6.976166        -0.060645        -6.340028         0.000000         0.000000         0.000000
  2021     7    29     0    33  0.000000        -7.010178        -0.105169        -6.369568         0.000000         0.000000         0.000000
  2021     7    29     0    33 30.000000        -7.020870        -0.111610        -6.388964         0.000000         0.000000         0.000000
  2021     7    29     0    34  0.000000        -7.084165        -0.176150        -6.450250         0.000000         0.000000         0.000000
  2021     7    29     0    34 30.000000        -7.181851        -0.276858        -6.549823         0.000000         0.000000         0.000000
  2021     7    29     0    35  0.000000        -7.265398        -0.357793        -6.643477         0.000000         0.000000         0.000000
  2021     7    29     0    35 30.000000        -7.207403        -0.286566        -6.580333         0.000000         0.000000         0.000000
  2021     7    29     0    36  0.000000        -7.171646        -0.269185        -6.537883         0.000000         0.000000         0.000000
  2021     7    29     0    36 30.000000        -7.142278        -0.208129        -6.506494         0.000000         0.000000         0.000000
  2021     7    29     0    37  0.000000        -7.171516        -0.247887        -6.532825         0.000000         0.000000         0.000000
  2021     7    29     0    37 30.000000        -7.168803        -0.241920        -6.524444         0.000000         0.000000         0.000000
  2021     7    29     0    38  0.000000        -7.160951        -0.240984        -6.519338         0.000000         0.000000         0.000000
  2021     7    29     0    38 30.000000        -7.148534        -0.222036        -6.506756         0.000000         0.000000         0.000000
  2021     7    29     0    39  0.000000        -7.203142        -0.273187        -6.555494         0.000000         0.000000         0.000000
  2021     7    29     0    39 30.000000        -7.212600        -0.281634        -6.564734         0.000000         0.000000         0.000000
  2021     7    29     0    40  0.000000        -7.278921        -0.345375        -6.643549         0.000000         0.000000         0.000000
  2021     7    29     0    40 30.000000        -7.252288        -0.316217        -6.605076         0.000000         0.000000         0.000000
  2021     7    29     0    41  0.000000        -7.238254        -0.308596        -6.584952         0.000000         0.000000         0.000000
  2021     7    29     0    41 30.000000        -7.259293        -0.330116        -6.604388         0.000000         0.000000         0.000000
  2021     7    29     0    42  0.000000        -7.044982        -0.116276        -6.387528         0.000000         0.000000         0.000000
  2021     7    29     0    42 30.000000        -6.954731        -0.030397        -6.302193         0.000000         0.000000         0.000000
  2021     7    29     0    43  0.000000        -6.901970         0.023725        -6.256071         0.000000         0.000000         0.000000
  2021     7    29     0    43 30.000000        -6.836541         0.091878        -6.195326         0.000000         0.000000         0.000000
  2021     7    29     0    44  0.000000        -6.796404         0.146258        -6.145415         0.000000         0.000000         0.000000
  2021     7    29     0    44 30.000000        -6.802632         0.132781        -6.147189         0.000000         0.000000         0.000000
  2021     7    29     0    45  0.000000        -6.821712         0.101049        -6.170461         0.000000         0.000000         0.000000
  2021     7    29     0    45 30.000000        -6.765380         0.151705        -6.115514         0.000000         0.000000         0.000000
  2021     7    29     0    46  0.000000        -6.773321         0.143666        -6.125190         0.000000         0.000000         0.000000
  2021     7    29     0    46 30.000000        -6.762516         0.167739        -6.119570         0.000000         0.000000         0.000000
  2021     7    29     0    47  0.000000        -6.788275         0.145953        -6.143532         0.000000         0.000000         0.000000
  2021     7    29     0    47 30.000000        -6.756737         0.193756        -6.107507         0.000000         0.000000         0.000000
  2021     7    29     0    48  0.000000        -6.702673         0.244200        -6.060009         0.000000         0.000000         0.000000
  2021     7    29     0    48 30.000000        -6.634925         0.332826        -5.984480         0.000000         0.000000         0.000000
  2021     7    29     0    49  0.000000        -6.618932         0.335026        -5.967776         0.000000         0.000000         0.000000
  2021     7    29     0    49 30.000000        -6.629512         0.309389        -5.988066         0.000000         0.000000         0.000000
  2021     7    29     0    50  0.000000        -6.685202         0.246972        -6.044662         0.000000         0.000000         0.000000
  2021     7    29     0    50 30.000000        -6.796403         0.127980        -6.153886         0.000000         0.000000         0.000000
  2021     7    29     0    51  0.000000        -6.842205         0.088567        -6.192708         0.000000         0.000000         0.000000
  2021     7    29     0    51 30.000000        -6.764619         0.153286        -6.126738         0.000000         0.000000         0.000000
  2021     7    29     0    52  0.000000        -6.675152         0.247826        -6.029995         0.000000         0.000000         0.000000
  2021     7    29     0    52 30.000000        -6.548965         0.380985        -5.905423         0.000000         0.000000         0.000000
  2021     7    29     0    53  0.000000        -6.520228         0.407075        -5.879043         0.000000         0.000000         0.000000
  2021     7    29     0    53 30.000000        -6.365517         0.561262        -5.725160         0.000000         0.000000         0.000000
  2021     7    29     0    54  0.000000        -6.237248         0.684260        -5.584870         0.000000         0.000000         0.000000
  2021     7    29     0    54 30.000000        -6.234744         0.686256        -5.588410         0.000000         0.000000         0.000000
  2021     7    29     0    55  0.000000        -6.391195         0.538270        -5.739234         0.000000         0.000000         0.000000
  2021     7    29     0    55 30.000000        -6.473380         0.451002        -5.831406         0.000000         0.000000         0.000000
  2021     7    29     0    56  0.000000        -6.606905         0.319328        -5.961850         0.000000         0.000000         0.000000
  2021     7    29     0    56 30.000000        -6.522217         0.398822        -5.879900         0.000000         0.000000         0.000000
  2021     7    29     0    57  0.000000        -6.496560         0.434855        -5.846170         0.000000         0.000000         0.000000
  2021     7    29     0    57 30.000000        -6.602310         0.321651        -5.958713         0.000000         0.000000         0.000000
  2021     7    29     0    58  0.000000        -6.513863         0.407921        -5.869894         0.000000         0.000000         0.000000
  2021     7    29     0    58 30.000000        -6.387118         0.537887        -5.737264         0.000000         0.000000         0.000000
  2021     7    29     0    59  0.000000        -6.479475         0.447003        -5.836012         0.000000         0.000000         0.000000
  2021     7    29     0    59 30.000000        -6.522920         0.410604        -5.881189         0.000000         0.000000         0.000000
