+RMS OF RESIDUALS---PHASE(MM)
NAME SUMM G01 G03 G07 G08 G14 G17 G21 G22 G27 G30 R05 R06 R07 R09 R10 R12 R20 R21 R22 E01 E07 E12 E19 E24 E26 E31 E33
ccj2   13   6   5  22   8  13  19  10   5  13  28  13   0  20   0   0   0  13   9  15   7   0  12  18  14  11   6   7
NAME SUMM G01 G03 G07 G08 G14 G17 G21 G22 G27 G30 R05 R06 R07 R09 R10 R12 R20 R21 R22 E01 E07 E12 E19 E24 E26 E31 E33
-RMS OF RESIDUALS---PHASE(MM)
+TIME SERIES OF RESIDUALS---PHASE(MM)
  ccj2 G01 G03 G07 G08 G14 G17 G21 G22 G27 G30 R05 R06 R07 R09 R10 R12 R20 R21 R22 E01 E07 E12 E19 E24 E26 E31 E33
     1  -2   3      -4   9      -1  -2 -10  -2  -8                       8  -1      11     -10           3  -1  -3
     2  -1   5  -6  -9   7       2   2 -11  -1  -8                      16  -9       6       0           2   0  -8
     3  -3   0   1  -2   6       2  -2 -11   3   4                      -1  -2       4     -10           1  10  -5
     4  -7   2   1  -4  16      -2   1 -25  -2  12                      -8  -1       7     -12           2  -2   5
     5  -9   5  -2  -5  16      -4   5 -25  -2   5                      -7   2       5     -11           8   0   0
     6  -5   1  -2  -3  11      -4   5 -14  -2   6                     -15   8       4      -9          10  -3  -1
     7  -3   2   5   4  13     -11  -2  -5  -9 -12                      -3  12      11     -16           9  -4   1
     8  -7   3   6  -4  26     -11   1 -15 -15   0                      -6   5      12     -19           7   1   1
     9   0  -2   4  -3  17      -7   1  -6 -13   7                     -17   9      11     -12           9  -4  -1
    10   7   2  17  -7  13     -12   1 -18 -16  -8                       8  -1       8     -12          11  -5   1
    11   9   3  12 -11   7     -11   0  -7  -4  -9                       7   1       8     -17          14  -3   1
    12  -1   7   8   1  14     -14  -1  -2 -18  -6                     -10  13       4     -11          14  -3   1
    13  -3   6  12   4  21     -14  -4   1 -28 -25                      14   8      13     -13           6  -4  -1
    14   0   3   2  -5  26     -15   1 -12 -14   0                      -8   6      14     -19          13  -2  -2
    15   3  -3  13   1  11      -6  -2   3 -17  -5                       1   3       9      -7          -1  -6   5
    16   1  -2  14  -4   9      -3   1  10 -18  -3                      -1   3       4      -6           3   0   0
    17  -4  -6   9   0  11       2   1   6 -17   8                     -18   8       6      -6           2   0  -2
    18  -2  -4   3  -3   8       5   3  15 -22  12                     -18   5       1       9          -1  -3  -6
    19  -7   3  -6   1  10      -2   4   7 -12   5                      -9   3      -1       7          -1  -2  -3
    20  -1   2 -10   3  -9  45  -1   3  -1 -13  -6                      12  -4       3       5         -10   1  -1
    21   6   2  -9  -2 -16  46   2  -1   5  -6  -9                      20  -9       4       2         -12   2   0
    22  -3  -2  -6   2  -6  22   3   1  16  -3   0                       0   0       1       0          -9   5   1
    23  -1   2  -7   3  -2  25  -2  -1  13 -14  -1                      -1   2       3       2          -5   2  -3
    24  -1   0 -11   3  -2   8   2   1  16  -5   1                      -2   1       1       8          -5   0  -4
    25   2  -3   0   4  -3  -6   3  -3   6   1 -10                       9   1       3       2          -4  -1  -1
    26   5  -1  -7   5  -8   0   0   1   2   1 -11                      18  -6      -2      13          -7  -1  -5
    27   8  -1  -6   2  -4  -2  -8   5  -3   3  -4                       7  -2      -4       8           5   1  -9
    28  10  -4   0   5  -4 -27   1  -4  20   6  -7                       0   5      -1      10           2  -5  -6
    29   6  -5  -1   1  -1 -12  -2   1  25   3 -18                      13   5       5      -1           2  -1  -4
    30   2  -5 -10   4   3  -2   0   0  24  -4  -8                       5   3       6       3   7      -7  -3  -2
    31  10  -2 -18   5 -14  25  -7   1   3   6  -7                      16  -6       0       4  10     -10   2  -1
    32   5  -2  -5   1  -2   2  -3   2   0   0  -4                       0   3      -2      -2  31       1   2  -3
    33   8  -2 -10   0  -5   3  -5   1  18   6   3                      -7   3       0       1  -6       5   1  -5
    34   7   0  -6   1  -5   7  -7  -1  15   5  -3                      -1   3      -1      -7  11       3   4   1
    35   2   3 -13  -1  -2   6  -9   2  24   9   0                       0   0      -2      -2   0       0   0   4
    36   6  -7 -10  -3   1 -20   1   1   0  25   2                       0  -1       2      -5   6       3   1  -1
    37  11  -8 -10   0  -7 -21   3  -1  19  23   7                      -5  -2      -5       6  23      -9  -3   4
    38  12  -2   0  -3   3 -18  -4  -4   2  11   5                       8  -9      -3       3   9      -4   1   1
    39  11   1  -6   3  -8  17  -5  -4 -14  -2  14                     -17   1      -1       1  10       1  -1  -1
    40   7  -2  14   2   5 -29  -2  -2       0   2                     -17   9      -6       3  29       9  -7   1
    41   7   2 -14  -1  -3  -1  -6   2       9  -4                      -4   5       1       2  17       5 -10   2
    42   6   2  -5  -8  -4  -1   1  -1      13   4                      -7   1       1      -6  11       5  -4   5
    43   6   1 -16  -6   1  -8  -1   0      16  15                     -23   3      -1      -1  20       7  -6   1
    44  13  -3   3  -9   0 -25   2  -3      22   4                      -3  -1       1      -3   9       5  -7   5
    45   9  -2  10  -4  -5  -6   3  -6       9   8                     -12   2       1      -5  11      -3  -7  11
    46  -1   4  18  -7  -8       1   1      11   7                     -16   4      -5      -9   1       6  -5  15
    47   6  -2  24  -3  -7       1  -2       0   2                      13  -9      -1       1 -16     -10  -1  10
    48   4   1  33   7  -2      -6  -6     -15  -6                       1   4      -4      -3   6      -6  -3  13
    49   9  -2  36  -2  -6      -2  -2     -14   0                       1  -1      -3       0  -1      -1  -2   6
    50   5   1  31  -9   0      -1   2     -14  -7                      14  -3       0      -2  -1       2  -3   5
    51  -2   0  19   2   0       4   0     -20   5                      -5  -1       4      13 -26      -3  -9  -1
    52   4  -3  25   1  -1       5  -7     -11   6                     -18   6       8      -4 -12      -4  -9   9
    53  -2  -3  30  -4   0       4  -4       2   8                     -17   4       9     -15 -29       5  -3  12
    54  -5  -5  15  -3   2       6   2      -1  -5                      -7   7       5     -12   5       1  -1   7
    55  -6   2  23   5   0       2  -8      -4  -8                      -6   9       2     -12 -16       7   4   6
    56  -3   3  17   2  -6       2  -6      13  -7                     -13  13       2     -17 -11      10  -1  12
    57  -5   1  14  -6 -17  44  -2   8     -15   6                     -11   2       4     -15  -9      -1   5   8
    58  -5  -6  16   5 -33  42   7   4       5  11                     -22   4       3     -14 -25     -14  11  13
    59  -3  -3   3  -5 -31  48   4  10       3  10                      -5  -4       1     -13 -11     -12  14   7
    60   3   2 -13 -12 -21  20   5   0      36  13                       6 -12       2     -14 -20      -9  10  11
    61   2   1   6  -9 -25  18   5   2      34   5                       7  -7      -2     -16 -20      -7  10  15
    62   0  -1 -16 -12 -24  19   3   7      50   6                      24 -17      -2     -18 -37      -1  23   5
    63   1   2  -5  -4 -22  -1   1   2      57  -2                      17  -8      -9     -14 -34      11  21   4
    64   9  -1   2  -5 -13   7  -7   1      28   4                      22 -14      -6     -11 -19       1  18   3
    65   4   6  -7  -6  -9   6  -7  -1      27  16     -18              10 -15       1      -1 -35       1   3   5
    66   5  11  -6 -11   1  -5  -5  -3      17  14      20               6 -14      -4       2 -20      12   0   1
    67  -1  12  -6   1  -1 -19  -2  -1      15  -6      48              17  -8     -10      -7 -20  25  -1   6  -2
    68  -5   2 -16   8 -24  16   2  -3      34   1      51              -2  -4     -13      13 -24 -22   1   7  16
    69   1  -7 -17  17 -14 -16  -8   6      49 -12      55              11  -2     -18       8 -21  -2  -3   6  12
    70   1  -2 -17  11 -12 -24   0   1      57   8      27               4 -10     -23       9  -9   2  -9  13   6
    71  -6  -4 -33  11  -5 -28   2  -4      84   8       5              -9  -2     -10      10 -32 -17   8   1  17
    72 -10  -6  -3  -6  -6 -29  15   8      75  -2       7               6  -2     -21      22  -6 -33  22   5  10
    73   1  -5  -8  -3  -6 -43  19   3      60   7       8             -14   1     -18      14  15  -1  -1   0   1
    74   3 -13  -8  -9 -12 -13  15   7      51  -4       5             -14   9     -12       9  25 -25  15   5   5
    75  -5  -4  -3 -10  -7 -11  21   0      33  15       9             -20  -2      -6      16  -2 -20   6   0   3
    76 -13  10 -13 -11  -8 -17  35  -7      20  12      11              -2  -8      -3      11 -15   8 -11   4  -9
    77 -14  15 -36 -21 -12 -13  36  -4      41  30      18             -18 -13      -8      11 -14   2   4   8 -11
    78 -21  12 -39 -13  -4  -8  26   4      19  21       0             -12  -9      -7      22  -9  -3  12   4 -18
    79  -4   1 -39  -7   9 -26   2  12      31  16      -3              17 -18       0      21 -23   5   3  -8 -12
    80  -5   4 -36  -6  12 -24   1  10      17   8      15               0  -7      -2       8  -9  15  12  -7 -13
    81 -12  -4 -12 -14  35 -12   7  -5      12  12      10              16 -16       5     -11 -14 -13  19   9   4
    82   9   1  -2 -14   7  19 -14  -4       8  27      20              -4 -13 -12   3       5  -9 -25  16  -2  11
    83  -1   8 -35   2  -9  25 -15   1      -1  12      13               9  -6 -18   4      11 -23  -1   0  -2  -4
    84   2   9 -33  -2   2   7 -10  -1       0 -14      12              27  -2  -6   2      -4  -2   9   1  -6   1
    85   8   7 -22  -5  -2   9 -12  -2       2  -6      32              20   6 -39  -1       9  -2   8   6  -5 -11
    86  -4   6 -36  -4   6  17 -14   7     -19   8      48              35 -10 -43   0      25 -18   6  -8 -10 -12
    87  -8  11 -40  -6   5  18 -12   9     -29  24      20              -1 -10 -19  -2      -1  11  22 -13  -4 -12
    88 -12   6 -41  -1  15  18 -10   4     -40  25      17              17 -21 -11  -4      12   3   4 -13   2 -10
    89  -9   6 -38   3  20  -9 -10  10     -36  23      -4             -10 -14  10  -4      26   7   3  14 -12 -20
    90 -12   7 -29   2  25 -20 -14  17     -21  12     -25              24 -14   4  -9      21  21  15   0 -14 -20
    91  -6   0 -32   0  27  -4 -17  14     -41  14       1               2  -4 -14  -8       7  40  18  -3 -10 -19
    92 -10   5  -2   2  22  -5  -8   4     -46  -9       3                   7  -6  -7      -5  34  19   6  -8 -12
    93  -9   6  -9  -2  13  14  -9   7     -58 -12      19                   7  -8  -5       1  31   8  13  -8 -10
    94 -11   4 -17  10  -7  27 -10   9     -59 -38       4                  17  10  -6      -9  42   8  -6  -7   1
    95   0   0  14  -3  -6  27  -3   3     -60 -24       5                  14  -3  -5     -11  49   3 -10   0  -4
    96  -4  -3  35  13  -6  -3   7   1     -28 -28     -19                  20   2   1     -15  18  20 -22   3  -7
    97  -4  -1      14 -11  23  -7  -1     -40 -21     -31                  16   9   7      -9  24   0 -20  -1   1
    98   8  -5  68  19 -17   9  -7  -1     -42 -36     -33                  22  16   6      -1  16   0 -20  -7   2
    99   2   1  83  15  -7   1  -6  -2     -42 -27     -27                  24  -3   7      -7  12  17 -20 -10  -4
   100   3   3  53  28 -14  12 -18  -3     -48 -36     -26                  25   5   8     -33   8  33 -32  -3   3
   101  -2   3      20 -18  23 -17   2     -34 -29      -9                  19   1   8     -21  -2  19 -15  -2   3
   102   2   2  40   4 -16  23 -10   3     -35 -15     -26                  14   4   3     -12  35   4 -33  -6   5
   103   4   1  40  10 -11  -2   1   1     -29 -27     -20                  12  18   4     -16  13  18 -21  -2  -2
   104   0  -3   1   5 -18  19  10  -1     -39 -21       8                  -1  21   6       3   2 -11 -27  -1  11
   105   4  -5  21  15  -9   6   2  -4     -36 -15      -5                   6   8   2      -3   5   5 -29   2   0
   106  -1  -5  11   6   1  -2   9  -4     -23   3     -15                  -1  10   4       5   2  -4 -16   4  -5
   107   2  -4 -31   1  -7  14   5  -3     -24 -11       2                   1   9   2       4  11 -12 -11   3   2
   108  -7  -3 -16   7   1  12   4  -7     -16   5      -6                   4  -9   1      10   4 -12 -10   5  -2
   109   0  -7  -5   2  14  -8   6  -7          17       4                   1 -22   1      16  -8  -4  -1   1 -10
   110  -3   1       4   9  -3   5 -11           5       1                   2  -9   0      10 -16  -9  27   7  -8
   111  -4  -9       3  26 -22  15 -11           4      13                  -5  -4  -2      12 -12  -5   6  -1   0
   112  -4  -9       8  12 -17  16  -5          -8      -2                  -5  19 -12      22   9 -19   4   3  -1
   113   7  -5       1  11 -26  16  -5         -12       0                  -4  20  -4      11   5  -2  -1  -4  -4
   114  -2  -3       7   1  -6   6  -2           5       1                  -6   5  -5      11  -5  -6  -5   4  -1
   115  -2  -3      12  11 -18  13 -11          18     -18                  -7  11   1      12  -6  -6 -19   6  -4
   116   1  -7       3   6 -14  19  -8           5       7                  -6   1   5      11 -25  -5  -1   6  -4
   117  -3  -7       6  11 -10  11  -7          -3     -11                   3   7   9       4  -8  -8  -6   1   1
   118   2  -9       5  15 -15  14 -10           7       7                  -4  -5   2       9 -15  -3  -6   3  -1
   119   1  -5       7  13 -12   7 -10          14       7                 -10   0  -9      20  -7 -14   7   4  -1
   120   7  -8       2   6 -14  13  -6           2       1                 -10  17  -3      18  -4 -17  -3   4   0
  ccj2 G01 G03 G07 G08 G14 G17 G21 G22 G27 G30 R05 R06 R07 R09 R10 R12 R20 R21 R22 E01 E07 E12 E19 E24 E26 E31 E33
-TIME SERIES OF RESIDUALS---PHASE(MM)
