Single-Difference Ambiguity Constraint  bako                COMMENT
    SD                                                      TYPE OF CONSTRAINT
   465   388   346                                          G   AMB FIXING (T/W/N)
   141   138   129                                          E   AMB FIXING (T/W/N)
    97    97    92    ROUNDING                              IND AMB FIXING (T/W/N)
    SUCESS                                                  AR RESULT
                                                            END OF HEADER
 G09 G03 2021  8  8  0 13  0.000000 2021  8  8  0 30  0.000000           -30          -27
 E12 E31 2021  8  8  0  0  0.000000 2021  8  8  0 53  0.000000            -2          -21
 E24 E12 2021  8  8  0 53 30.000000 2021  8  8  1  6  0.000000            -1           37
 E01 E12 2021  8  8  0 53 30.000000 2021  8  8  1  6  0.000000           -17           13
 G09 G07 2021  8  8  0  0 30.000000 2021  8  8  1 22  0.000000           -11           26
 G30 G07 2021  8  8  0  0 30.000000 2021  8  8  1 22  0.000000             1           23
 E01 E31 2021  8  8  0  0  0.000000 2021  8  8  1 43  0.000000           -19           -8
 G06 G07 2021  8  8  1 25  0.000000 2021  8  8  1 44  0.000000           -30           -3
 G02 G07 2021  8  8  1 25  0.000000 2021  8  8  1 44  0.000000           -19          -16
 G17 G19 2021  8  8  1 49  0.000000 2021  8  8  2 19  0.000000             1            5
 E11 E09 2021  8  8  0 10 30.000000 2021  8  8  2 27 30.000000             6          -46
 G17 G09 2021  8  8  2  2  0.000000 2021  8  8  2 45  0.000000           -12           19
 G17 G09 2021  8  8  2 49  0.000000 2021  8  8  3 18 30.000000            10            4
 G06 G30 2021  8  8  0  0  0.000000 2021  8  8  3 20 30.000000            -7           -2
 G30 G05 2021  8  8  2  3  0.000000 2021  8  8  3 30  0.000000            15          -15
 G30 G20 2021  8  8  0 40 30.000000 2021  8  8  3 30  0.000000            10            0
 G02 G12 2021  8  8  3 46  0.000000 2021  8  8  4 14  0.000000           109          -13
 G14 G13 2021  8  8  3  1 30.000000 2021  8  8  4 33 30.000000             3          -25
 G14 G15 2021  8  8  3 49  0.000000 2021  8  8  4 33 30.000000            -9          -37
 E04 E09 2021  8  8  0 10 30.000000 2021  8  8  5 18  0.000000             3          -26
 E04 E24 2021  8  8  0  0  0.000000 2021  8  8  5 18  0.000000             0          -24
 G20 G02 2021  8  8  4 16  0.000000 2021  8  8  5 30 30.000000             2          -61
 G17 G15 2021  8  8  3 49  0.000000 2021  8  8  5 39 30.000000           -13           37
 G25 G20 2021  8  8  5 36 30.000000 2021  8  8  5 48 30.000000           -84           71
 G12 G20 2021  8  8  5 36 30.000000 2021  8  8  6  8  0.000000           -82           11
 G20 G06 2021  8  8  5 43  0.000000 2021  8  8  6  8  0.000000           129          -47
 G19 G13 2021  8  8  3  1 30.000000 2021  8  8  6 17  0.000000            -4           42
 G05 G19 2021  8  8  2 19 30.000000 2021  8  8  6 17  0.000000             2          -35
 G24 G25 2021  8  8  6  3 30.000000 2021  8  8  7  0  0.000000            24          -87
 G05 G06 2021  8  8  6 50 30.000000 2021  8  8  7 17 30.000000             1         -121
 G12 G25 2021  8  8  7 14  0.000000 2021  8  8  7 29 30.000000            66          -11
 E09 E05 2021  8  8  3 34  0.000000 2021  8  8  7 47 30.000000             7          -14
 G13 G25 2021  8  8  7 39  0.000000 2021  8  8  7 51 30.000000            12          -48
 G12 G25 2021  8  8  7 52  0.000000 2021  8  8  9 19 30.000000             3           25
 G02 G18 2021  8  8  8 35 30.000000 2021  8  8  9 22  0.000000            18            3
 G15 G29 2021  8  8  6 20 30.000000 2021  8  8  9 33  0.000000            20          -54
 E11 E02 2021  8  8  8 46  0.000000 2021  8  8  9 37 30.000000            96           16
 G29 G05 2021  8  8  9 28 30.000000 2021  8  8 10  1 30.000000             8           -2
 E25 E11 2021  8  8  9 47 30.000000 2021  8  8 10  4  0.000000           -63           76
 G12 G05 2021  8  8 10  2  0.000000 2021  8  8 10 13 30.000000             4            2
 E05 E36 2021  8  8  6  8 30.000000 2021  8  8 10 42  0.000000             4          -55
 G24 G18 2021  8  8  8 35 30.000000 2021  8  8 11 13  0.000000            10           -9
 G12 G23 2021  8  8 10 27 30.000000 2021  8  8 12 16  0.000000             4           29
 E36 E03 2021  8  8  6  9  0.000000 2021  8  8 12 35 30.000000            -1           33
 E36 E15 2021  8  8 10 48 30.000000 2021  8  8 12 35 30.000000             6           -2
 G25 G16 2021  8  8 13 18 30.000000 2021  8  8 13 33 30.000000           -21           64
 G25 G23 2021  8  8 10 27 30.000000 2021  8  8 13 33 30.000000           -10           -7
 G32 G25 2021  8  8 13 34  0.000000 2021  8  8 13 45 30.000000             2           52
 E25 E05 2021  8  8 13 15 30.000000 2021  8  8 13 49  0.000000           -15           65
 G18 G31 2021  8  8 11  0 30.000000 2021  8  8 13 59 30.000000           -20           61
 E30 E05 2021  8  8 13 15 30.000000 2021  8  8 14 26 30.000000             8          -19
 G31 G26 2021  8  8 11 59  0.000000 2021  8  8 15 38 30.000000            -9          -26
 G31 G22 2021  8  8 15  8 30.000000 2021  8  8 15 38 30.000000            12           -4
 E02 E08 2021  8  8 14 12  0.000000 2021  8  8 15 58 30.000000           -13           21
 E02 E30 2021  8  8 11 47 30.000000 2021  8  8 15 58 30.000000           -15           33
 G10 G26 2021  8  8 11 59  0.000000 2021  8  8 16 32  0.000000           -16           93
 G10 G08 2021  8  8 15 44 30.000000 2021  8  8 16 32  0.000000            -6          116
 G16 G21 2021  8  8 16 49  0.000000 2021  8  8 17 31  0.000000           -14           -3
 G32 G16 2021  8  8 13 18 30.000000 2021  8  8 17 59 30.000000            11           97
 G32 G22 2021  8  8 15  8 30.000000 2021  8  8 17 59 30.000000            11           70
 G16 G31 2021  8  8 17 48 30.000000 2021  8  8 18  9  0.000000           -31          -13
 E15 E03 2021  8  8 12 41  0.000000 2021  8  8 18 27  0.000000             8           50
 E03 E08 2021  8  8 14 12  0.000000 2021  8  8 18 27  0.000000           -30           22
 G21 G31 2021  8  8 18 10 30.000000 2021  8  8 18 45 30.000000           -12          -10
 G22 G31 2021  8  8 18 52  0.000000 2021  8  8 19 27  0.000000           -20           24
 E15 E27 2021  8  8 14 22 30.000000 2021  8  8 19 37  0.000000           -21           84
 G27 G04 2021  8  8 17 13  0.000000 2021  8  8 20  6 30.000000            -4           -5
 G03 G17 2021  8  8 19 53  0.000000 2021  8  8 20 20 30.000000           -23           36
 G08 G21 2021  8  8 17 31 30.000000 2021  8  8 20 54 30.000000            -7           23
 G08 G01 2021  8  8 18 21 30.000000 2021  8  8 20 54 30.000000            -3            4
 E15 E27 2021  8  8 20 30 30.000000 2021  8  8 22  3 30.000000           -13           92
 E15 E30 2021  8  8 21  7  0.000000 2021  8  8 22  3 30.000000           -11          101
 G03 G19 2021  8  8 21 11 30.000000 2021  8  8 22 25 30.000000           -59           19
 G04 G01 2021  8  8 18 21 30.000000 2021  8  8 22 28  0.000000             6           10
 G21 G22 2021  8  8 21 12 30.000000 2021  8  8 22 48 30.000000           -41          -24
 G17 G04 2021  8  8 22 30  0.000000 2021  8  8 22 56 30.000000            32            1
 G06 G04 2021  8  8 22 30  0.000000 2021  8  8 22 56 30.000000            27           24
 E27 E30 2021  8  8 22 51 30.000000 2021  8  8 23  8  0.000000           -11           -4
 G19 G14 2021  8  8 23  1  0.000000 2021  8  8 23 16 30.000000            14           -7
 G01 G19 2021  8  8 22 26 30.000000 2021  8  8 23 16 30.000000           -15           26
 E33 E30 2021  8  8 23 11 30.000000 2021  8  8 23 31  0.000000            -8          -21
 G17 G03 2021  8  8 20 22 30.000000 2021  8  8 23 44 30.000000            46          -13
 G30 G06 2021  8  8 22 10 30.000000 2021  8  8 23 59 30.000000             6           -3
 E07 E27 2021  8  8 20 30 30.000000 2021  8  8 23 59 30.000000             2           24
 E07 E13 2021  8  8 17 34 30.000000 2021  8  8 23 59 30.000000           -10           26
 G09 G07 2021  8  8 20  6  0.000000 2021  8  8 23 59 30.000000           -25           15
 G07 G14 2021  8  8 23  1  0.000000 2021  8  8 23 59 30.000000            17           11
 E21 E33 2021  8  8 22 44 30.000000 2021  8  8 23 59 30.000000             2           12
 G09 G17 2021  8  8 23 47  0.000000 2021  8  8 23 59 30.000000            -7            7
 G09 G30 2021  8  8 21 28 30.000000 2021  8  8 23 59 30.000000           -15            7
 E13 E26 2021  8  8 20 27 30.000000 2021  8  8 23 59 30.000000             1           -7
 E26 E21 2021  8  8 22 44 30.000000 2021  8  8 23 59 30.000000             1            5
